Time SB_juv_0_Migrating_Biomass(tonnes) SB_juv_0_Total_biomass(tonnes) SB_juv_0_Prop_Migrating SB_ad_0_Migrating_Biomass(tonnes) SB_ad_0_Total_biomass(tonnes) SB_ad_0_Prop_Migrating WHB_juv_0_Migrating_Biomass(tonnes) WHB_juv_0_Total_biomass(tonnes) WHB_juv_0_Prop_Migrating WHB_ad_0_Migrating_Biomass(tonnes) WHB_ad_0_Total_biomass(tonnes) WHB_ad_0_Prop_Migrating
0.000000e+00 0.000000e+00 1.083610e-01 0.000000e+00 5.412008e+01 2.766100e+01 1.956548e+00 1.021347e+03 5.106735e+02 2.000000e+00 1.748447e+03 8.742233e+02 2.000000e+00
1.000000e+00 0.000000e+00 1.083625e-01 0.000000e+00 5.412008e+01 2.766100e+01 1.956548e+00 1.021347e+03 5.106735e+02 2.000000e+00 1.748447e+03 8.742233e+02 2.000000e+00
2.000000e+00 0.000000e+00 1.083637e-01 0.000000e+00 5.412008e+01 2.766099e+01 1.956549e+00 1.021347e+03 5.106735e+02 2.000000e+00 1.748447e+03 8.742233e+02 2.000000e+00
3.000000e+00 0.000000e+00 1.083650e-01 0.000000e+00 5.412008e+01 2.766099e+01 1.956549e+00 1.021347e+03 5.106735e+02 2.000000e+00 1.748447e+03 8.742233e+02 2.000000e+00
4.000000e+00 0.000000e+00 1.083663e-01 0.000000e+00 5.412008e+01 2.766099e+01 1.956549e+00 1.021347e+03 5.106735e+02 2.000000e+00 1.748447e+03 8.742233e+02 2.000000e+00
5.000000e+00 0.000000e+00 1.083676e-01 0.000000e+00 5.412008e+01 2.766099e+01 1.956549e+00 1.021347e+03 5.106735e+02 2.000000e+00 1.748447e+03 8.742233e+02 2.000000e+00
6.000000e+00 0.000000e+00 1.083689e-01 0.000000e+00 5.412008e+01 2.766098e+01 1.956549e+00 1.021347e+03 5.106735e+02 2.000000e+00 1.748447e+03 8.742233e+02 2.000000e+00
7.000000e+00 0.000000e+00 1.083701e-01 0.000000e+00 5.412008e+01 2.766098e+01 1.956550e+00 1.021347e+03 5.106735e+02 2.000000e+00 1.748447e+03 8.742233e+02 2.000000e+00
8.000000e+00 0.000000e+00 1.083714e-01 0.000000e+00 5.412008e+01 2.766098e+01 1.956550e+00 1.021347e+03 5.106735e+02 2.000000e+00 1.748447e+03 8.742233e+02 2.000000e+00
9.000000e+00 0.000000e+00 1.083727e-01 0.000000e+00 5.412008e+01 2.766098e+01 1.956550e+00 1.021347e+03 5.106735e+02 2.000000e+00 1.748447e+03 8.742233e+02 2.000000e+00
1.000000e+01 0.000000e+00 1.083740e-01 0.000000e+00 5.412008e+01 2.766097e+01 1.956550e+00 1.021347e+03 5.106735e+02 2.000000e+00 1.748447e+03 8.742233e+02 2.000000e+00
1.100000e+01 0.000000e+00 1.083753e-01 0.000000e+00 5.412008e+01 2.766097e+01 1.956550e+00 1.021347e+03 5.106735e+02 2.000000e+00 1.748447e+03 8.742233e+02 2.000000e+00
1.200000e+01 0.000000e+00 1.083765e-01 0.000000e+00 5.412008e+01 2.766097e+01 1.956551e+00 1.021347e+03 5.106735e+02 2.000000e+00 1.748447e+03 8.742233e+02 2.000000e+00
1.300000e+01 0.000000e+00 1.083778e-01 0.000000e+00 5.412008e+01 2.766096e+01 1.956551e+00 1.021347e+03 5.106735e+02 2.000000e+00 1.748447e+03 8.742233e+02 2.000000e+00
1.400000e+01 0.000000e+00 1.083791e-01 0.000000e+00 5.412008e+01 2.766096e+01 1.956551e+00 1.021347e+03 5.106735e+02 2.000000e+00 1.748447e+03 8.742233e+02 2.000000e+00
1.500000e+01 0.000000e+00 1.083804e-01 0.000000e+00 5.412008e+01 2.766096e+01 1.956551e+00 1.021347e+03 5.106735e+02 2.000000e+00 1.748447e+03 8.742233e+02 2.000000e+00
1.600000e+01 0.000000e+00 1.083816e-01 0.000000e+00 5.412008e+01 2.766096e+01 1.956551e+00 1.021347e+03 5.106735e+02 2.000000e+00 1.748447e+03 8.742233e+02 2.000000e+00
1.700000e+01 0.000000e+00 1.083829e-01 0.000000e+00 5.412008e+01 2.766095e+01 1.956552e+00 1.021347e+03 5.106735e+02 2.000000e+00 1.748447e+03 8.742233e+02 2.000000e+00
1.800000e+01 0.000000e+00 1.083842e-01 0.000000e+00 5.412008e+01 2.766095e+01 1.956552e+00 1.021347e+03 5.106735e+02 2.000000e+00 1.748447e+03 8.742233e+02 2.000000e+00
1.900000e+01 0.000000e+00 1.083855e-01 0.000000e+00 5.412008e+01 2.766095e+01 1.956552e+00 1.021347e+03 5.106735e+02 2.000000e+00 1.748447e+03 8.742233e+02 2.000000e+00
2.000000e+01 0.000000e+00 1.083868e-01 0.000000e+00 5.412008e+01 2.766094e+01 1.956552e+00 1.021347e+03 5.106735e+02 2.000000e+00 1.748447e+03 8.742233e+02 2.000000e+00
2.100000e+01 0.000000e+00 1.083882e-01 0.000000e+00 5.412008e+01 2.766094e+01 1.956552e+00 1.021347e+03 5.106735e+02 2.000000e+00 1.748447e+03 8.742233e+02 2.000000e+00
2.200000e+01 0.000000e+00 1.083895e-01 0.000000e+00 5.412008e+01 2.766094e+01 1.956553e+00 1.021347e+03 5.106735e+02 2.000000e+00 1.748447e+03 8.742233e+02 2.000000e+00
2.300000e+01 0.000000e+00 1.083909e-01 0.000000e+00 5.412008e+01 2.766094e+01 1.956553e+00 1.021347e+03 5.106735e+02 2.000000e+00 1.748447e+03 8.742233e+02 2.000000e+00
2.400000e+01 0.000000e+00 1.083923e-01 0.000000e+00 5.412008e+01 2.766093e+01 1.956553e+00 1.021347e+03 5.106735e+02 2.000000e+00 1.748447e+03 8.742233e+02 2.000000e+00
2.500000e+01 0.000000e+00 1.083936e-01 0.000000e+00 5.412008e+01 2.766093e+01 1.956553e+00 1.021347e+03 5.106735e+02 2.000000e+00 1.748447e+03 8.742233e+02 2.000000e+00
2.600000e+01 0.000000e+00 1.083951e-01 0.000000e+00 5.412008e+01 2.766093e+01 1.956553e+00 1.021347e+03 5.106735e+02 2.000000e+00 1.748447e+03 8.742233e+02 2.000000e+00
2.700000e+01 0.000000e+00 1.083965e-01 0.000000e+00 5.412008e+01 2.766093e+01 1.956554e+00 1.021347e+03 5.106735e+02 2.000000e+00 1.748447e+03 8.742233e+02 2.000000e+00
2.800000e+01 0.000000e+00 1.083979e-01 0.000000e+00 5.412008e+01 2.766092e+01 1.956554e+00 1.021347e+03 5.106735e+02 2.000000e+00 1.748447e+03 8.742233e+02 2.000000e+00
2.900000e+01 0.000000e+00 1.083993e-01 0.000000e+00 5.412008e+01 2.766092e+01 1.956554e+00 1.021347e+03 5.106735e+02 2.000000e+00 1.748447e+03 8.742233e+02 2.000000e+00
3.000000e+01 0.000000e+00 1.084007e-01 0.000000e+00 5.412008e+01 2.766092e+01 1.956554e+00 1.021347e+03 5.106735e+02 2.000000e+00 1.748447e+03 8.742233e+02 2.000000e+00
3.100000e+01 0.000000e+00 1.084021e-01 0.000000e+00 5.412008e+01 2.766091e+01 1.956554e+00 1.021347e+03 5.106735e+02 2.000000e+00 1.748447e+03 8.742233e+02 2.000000e+00
3.200000e+01 0.000000e+00 1.084036e-01 0.000000e+00 5.412008e+01 2.766091e+01 1.956555e+00 1.021347e+03 5.106735e+02 2.000000e+00 1.748447e+03 8.742233e+02 2.000000e+00
3.300000e+01 0.000000e+00 1.084050e-01 0.000000e+00 5.412008e+01 2.766091e+01 1.956555e+00 1.021347e+03 5.106735e+02 2.000000e+00 1.748447e+03 8.742233e+02 2.000000e+00
3.400000e+01 0.000000e+00 1.084065e-01 0.000000e+00 5.412008e+01 2.766091e+01 1.956555e+00 1.021347e+03 5.106735e+02 2.000000e+00 1.748447e+03 8.742233e+02 2.000000e+00
3.500000e+01 0.000000e+00 1.084079e-01 0.000000e+00 5.412008e+01 2.766090e+01 1.956555e+00 1.021347e+03 5.106735e+02 2.000000e+00 1.748447e+03 8.742233e+02 2.000000e+00
3.600000e+01 0.000000e+00 1.084094e-01 0.000000e+00 5.412008e+01 2.766090e+01 1.956555e+00 1.021347e+03 5.106735e+02 2.000000e+00 1.748447e+03 8.742233e+02 2.000000e+00
3.700000e+01 0.000000e+00 1.084109e-01 0.000000e+00 5.412008e+01 2.766090e+01 1.956556e+00 1.021347e+03 5.106735e+02 2.000000e+00 1.748447e+03 8.742233e+02 2.000000e+00
3.800000e+01 0.000000e+00 1.084123e-01 0.000000e+00 5.412008e+01 2.766089e+01 1.956556e+00 1.021347e+03 5.106735e+02 2.000000e+00 1.748447e+03 8.742233e+02 2.000000e+00
3.900000e+01 0.000000e+00 1.084138e-01 0.000000e+00 5.412008e+01 2.766089e+01 1.956556e+00 1.021347e+03 5.106735e+02 2.000000e+00 1.748447e+03 8.742233e+02 2.000000e+00
4.000000e+01 0.000000e+00 1.084153e-01 0.000000e+00 5.412008e+01 2.766089e+01 1.956556e+00 1.021347e+03 5.106735e+02 2.000000e+00 1.748447e+03 8.742233e+02 2.000000e+00
4.100000e+01 0.000000e+00 1.084167e-01 0.000000e+00 5.412008e+01 2.766089e+01 1.956556e+00 1.021347e+03 5.106735e+02 2.000000e+00 1.748447e+03 8.742233e+02 2.000000e+00
4.200000e+01 0.000000e+00 1.084182e-01 0.000000e+00 5.412008e+01 2.766088e+01 1.956557e+00 1.021347e+03 5.106735e+02 2.000000e+00 1.748447e+03 8.742233e+02 2.000000e+00
4.300000e+01 0.000000e+00 1.084197e-01 0.000000e+00 5.412008e+01 2.766088e+01 1.956557e+00 1.021347e+03 5.106735e+02 2.000000e+00 1.748447e+03 8.742233e+02 2.000000e+00
4.400000e+01 0.000000e+00 1.084214e-01 0.000000e+00 5.412008e+01 2.766088e+01 1.956557e+00 1.021347e+03 5.106735e+02 2.000000e+00 1.748447e+03 8.742233e+02 2.000000e+00
4.500000e+01 0.000000e+00 1.084232e-01 0.000000e+00 5.412008e+01 2.766087e+01 1.956557e+00 1.021347e+03 5.106735e+02 2.000000e+00 1.748447e+03 8.742233e+02 2.000000e+00
4.600000e+01 0.000000e+00 1.084251e-01 0.000000e+00 5.412008e+01 2.766087e+01 1.956557e+00 1.021347e+03 5.106735e+02 2.000000e+00 1.748447e+03 8.742233e+02 2.000000e+00
4.700000e+01 0.000000e+00 1.084271e-01 0.000000e+00 5.412008e+01 2.766087e+01 1.956558e+00 1.021347e+03 5.106735e+02 2.000000e+00 1.748447e+03 8.742233e+02 2.000000e+00
4.800000e+01 0.000000e+00 1.084292e-01 0.000000e+00 5.412008e+01 2.766086e+01 1.956558e+00 1.021347e+03 5.106735e+02 2.000000e+00 1.748447e+03 8.742233e+02 2.000000e+00
4.900000e+01 0.000000e+00 1.084314e-01 0.000000e+00 5.412008e+01 2.766086e+01 1.956558e+00 1.021347e+03 5.106735e+02 2.000000e+00 1.748447e+03 8.742233e+02 2.000000e+00
5.000000e+01 0.000000e+00 1.084337e-01 0.000000e+00 5.412008e+01 2.766086e+01 1.956558e+00 1.021347e+03 5.106735e+02 2.000000e+00 1.748447e+03 8.742233e+02 2.000000e+00
5.100000e+01 0.000000e+00 1.084361e-01 0.000000e+00 5.412008e+01 2.766086e+01 1.956558e+00 1.021347e+03 5.106735e+02 2.000000e+00 1.748447e+03 8.742233e+02 2.000000e+00
5.200000e+01 0.000000e+00 1.084386e-01 0.000000e+00 5.412008e+01 2.766086e+01 1.956559e+00 1.021347e+03 5.106735e+02 2.000000e+00 1.748447e+03 8.742233e+02 2.000000e+00
5.300000e+01 0.000000e+00 1.084412e-01 0.000000e+00 5.412008e+01 2.766085e+01 1.956559e+00 1.021347e+03 5.106735e+02 2.000000e+00 1.748447e+03 8.742233e+02 2.000000e+00
5.400000e+01 0.000000e+00 1.084440e-01 0.000000e+00 5.412008e+01 2.766085e+01 1.956559e+00 1.021347e+03 5.106735e+02 2.000000e+00 1.748447e+03 8.742233e+02 2.000000e+00
5.500000e+01 0.000000e+00 1.084469e-01 0.000000e+00 5.412008e+01 2.766085e+01 1.956559e+00 1.021347e+03 5.106735e+02 2.000000e+00 1.748447e+03 8.742233e+02 2.000000e+00
5.600000e+01 0.000000e+00 1.084499e-01 0.000000e+00 5.412008e+01 2.766085e+01 1.956559e+00 1.021347e+03 5.106735e+02 2.000000e+00 1.748447e+03 8.742233e+02 2.000000e+00
5.700000e+01 0.000000e+00 1.084530e-01 0.000000e+00 5.412008e+01 2.766085e+01 1.956559e+00 1.021347e+03 5.106735e+02 2.000000e+00 1.748447e+03 8.742233e+02 2.000000e+00
5.800000e+01 0.000000e+00 1.084562e-01 0.000000e+00 5.412008e+01 2.766085e+01 1.956559e+00 1.021347e+03 5.106735e+02 2.000000e+00 1.748447e+03 8.742233e+02 2.000000e+00
5.900000e+01 0.000000e+00 1.084595e-01 0.000000e+00 5.412008e+01 2.766084e+01 1.956559e+00 1.021347e+03 5.106735e+02 2.000000e+00 1.748447e+03 8.742233e+02 2.000000e+00
6.000000e+01 0.000000e+00 1.084630e-01 0.000000e+00 5.412008e+01 2.766084e+01 1.956559e+00 1.021347e+03 5.106735e+02 2.000000e+00 1.748447e+03 8.742233e+02 2.000000e+00
6.100000e+01 0.000000e+00 1.084665e-01 0.000000e+00 5.412008e+01 2.766084e+01 1.956559e+00 1.021347e+03 5.106735e+02 2.000000e+00 1.748447e+03 8.742233e+02 2.000000e+00
6.200000e+01 0.000000e+00 1.084701e-01 0.000000e+00 5.412008e+01 2.766084e+01 1.956559e+00 1.021347e+03 5.106735e+02 2.000000e+00 1.748447e+03 8.742233e+02 2.000000e+00
6.300000e+01 0.000000e+00 1.084738e-01 0.000000e+00 5.412008e+01 2.766084e+01 1.956560e+00 1.021347e+03 5.106735e+02 2.000000e+00 1.748447e+03 8.742233e+02 2.000000e+00
6.400000e+01 0.000000e+00 1.084776e-01 0.000000e+00 5.412008e+01 2.766084e+01 1.956560e+00 1.021347e+03 5.106735e+02 2.000000e+00 1.748447e+03 8.742233e+02 2.000000e+00
6.500000e+01 0.000000e+00 1.084815e-01 0.000000e+00 5.412008e+01 2.766084e+01 1.956560e+00 1.021347e+03 5.106735e+02 2.000000e+00 1.748447e+03 8.742233e+02 2.000000e+00
6.600000e+01 0.000000e+00 1.084856e-01 0.000000e+00 5.412008e+01 2.766084e+01 1.956560e+00 1.021347e+03 5.106735e+02 2.000000e+00 1.748447e+03 8.742233e+02 2.000000e+00
6.700000e+01 0.000000e+00 1.084897e-01 0.000000e+00 5.412008e+01 2.766084e+01 1.956560e+00 1.021347e+03 5.106735e+02 2.000000e+00 1.748447e+03 8.742233e+02 2.000000e+00
6.800000e+01 0.000000e+00 1.084938e-01 0.000000e+00 5.412008e+01 2.766084e+01 1.956560e+00 1.021347e+03 5.106735e+02 2.000000e+00 1.748447e+03 8.742233e+02 2.000000e+00
6.900000e+01 0.000000e+00 1.084981e-01 0.000000e+00 5.412008e+01 2.766084e+01 1.956560e+00 1.021347e+03 5.106735e+02 2.000000e+00 1.748447e+03 8.742233e+02 2.000000e+00
7.000000e+01 0.000000e+00 1.085024e-01 0.000000e+00 5.412008e+01 2.766084e+01 1.956560e+00 1.021347e+03 5.106735e+02 2.000000e+00 1.748447e+03 8.742233e+02 2.000000e+00
7.100000e+01 0.000000e+00 1.085069e-01 0.000000e+00 5.412008e+01 2.766084e+01 1.956560e+00 1.021347e+03 5.106735e+02 2.000000e+00 1.748447e+03 8.742233e+02 2.000000e+00
7.200000e+01 0.000000e+00 1.085113e-01 0.000000e+00 5.412008e+01 2.766084e+01 1.956559e+00 1.021347e+03 5.106735e+02 2.000000e+00 1.748447e+03 8.742233e+02 2.000000e+00
7.300000e+01 0.000000e+00 1.085158e-01 0.000000e+00 5.412008e+01 2.766084e+01 1.956559e+00 1.021347e+03 5.106735e+02 2.000000e+00 1.748447e+03 8.742233e+02 2.000000e+00
7.400000e+01 0.000000e+00 1.085202e-01 0.000000e+00 5.412008e+01 2.766084e+01 1.956559e+00 1.021347e+03 5.106735e+02 2.000000e+00 1.748447e+03 8.742233e+02 2.000000e+00
7.500000e+01 0.000000e+00 1.085247e-01 0.000000e+00 5.412008e+01 2.766084e+01 1.956559e+00 1.021347e+03 5.106735e+02 2.000000e+00 1.748447e+03 8.742233e+02 2.000000e+00
7.600000e+01 0.000000e+00 1.085292e-01 0.000000e+00 5.412008e+01 2.766084e+01 1.956559e+00 1.021347e+03 5.106735e+02 2.000000e+00 1.748447e+03 8.742233e+02 2.000000e+00
7.700000e+01 0.000000e+00 1.085337e-01 0.000000e+00 5.412008e+01 2.766084e+01 1.956559e+00 1.021347e+03 5.106735e+02 2.000000e+00 1.748447e+03 8.742233e+02 2.000000e+00
7.800000e+01 0.000000e+00 1.085382e-01 0.000000e+00 5.412008e+01 2.766085e+01 1.956559e+00 1.021347e+03 5.106735e+02 2.000000e+00 1.748447e+03 8.742233e+02 2.000000e+00
7.900000e+01 0.000000e+00 1.085426e-01 0.000000e+00 5.412008e+01 2.766085e+01 1.956559e+00 1.021347e+03 5.106735e+02 2.000000e+00 1.748447e+03 8.742233e+02 2.000000e+00
8.000000e+01 0.000000e+00 1.085471e-01 0.000000e+00 5.412008e+01 2.766085e+01 1.956559e+00 1.021347e+03 5.106735e+02 2.000000e+00 1.748447e+03 8.742233e+02 2.000000e+00
8.100000e+01 0.000000e+00 1.085516e-01 0.000000e+00 5.412008e+01 2.766085e+01 1.956559e+00 1.021347e+03 5.106735e+02 2.000000e+00 1.748447e+03 8.742233e+02 2.000000e+00
8.200000e+01 0.000000e+00 1.085562e-01 0.000000e+00 5.412008e+01 2.766085e+01 1.956559e+00 1.021347e+03 5.106735e+02 2.000000e+00 1.748447e+03 8.742233e+02 2.000000e+00
8.300000e+01 0.000000e+00 1.085608e-01 0.000000e+00 5.412008e+01 2.766085e+01 1.956559e+00 1.021347e+03 5.106735e+02 2.000000e+00 1.748447e+03 8.742233e+02 2.000000e+00
8.400000e+01 0.000000e+00 1.085653e-01 0.000000e+00 5.412008e+01 2.766085e+01 1.956559e+00 1.021347e+03 5.106735e+02 2.000000e+00 1.748447e+03 8.742233e+02 2.000000e+00
8.500000e+01 0.000000e+00 1.085699e-01 0.000000e+00 5.412008e+01 2.766085e+01 1.956559e+00 1.021347e+03 5.106735e+02 2.000000e+00 1.748447e+03 8.742233e+02 2.000000e+00
8.600000e+01 0.000000e+00 1.085745e-01 0.000000e+00 5.412008e+01 2.766085e+01 1.956559e+00 1.021347e+03 5.106735e+02 2.000000e+00 1.748447e+03 8.742233e+02 2.000000e+00
8.700000e+01 0.000000e+00 1.085791e-01 0.000000e+00 5.412008e+01 2.766085e+01 1.956559e+00 1.021347e+03 5.106735e+02 2.000000e+00 1.748447e+03 8.742233e+02 2.000000e+00
8.800000e+01 0.000000e+00 1.085836e-01 0.000000e+00 5.412008e+01 2.766085e+01 1.956559e+00 1.021347e+03 5.106735e+02 2.000000e+00 1.748447e+03 8.742233e+02 2.000000e+00
8.900000e+01 0.000000e+00 1.085882e-01 0.000000e+00 5.412008e+01 2.766085e+01 1.956559e+00 1.021347e+03 5.106735e+02 2.000000e+00 1.748447e+03 8.742233e+02 2.000000e+00
9.000000e+01 0.000000e+00 1.085928e-01 0.000000e+00 5.412008e+01 2.766085e+01 1.956559e+00 1.021347e+03 5.106735e+02 2.000000e+00 1.748447e+03 8.742233e+02 2.000000e+00
9.100000e+01 0.000000e+00 1.085974e-01 0.000000e+00 5.412008e+01 2.766085e+01 1.956559e+00 1.021347e+03 5.106735e+02 2.000000e+00 1.748447e+03 8.742233e+02 2.000000e+00
9.200000e+01 0.000000e+00 1.086019e-01 0.000000e+00 5.412008e+01 2.766085e+01 1.956559e+00 1.021347e+03 5.106735e+02 2.000000e+00 1.748447e+03 8.742233e+02 2.000000e+00
9.300000e+01 0.000000e+00 1.086065e-01 0.000000e+00 5.412008e+01 2.766085e+01 1.956559e+00 1.021347e+03 5.106735e+02 2.000000e+00 1.748447e+03 8.742233e+02 2.000000e+00
9.400000e+01 0.000000e+00 1.086111e-01 0.000000e+00 5.412008e+01 2.766085e+01 1.956559e+00 1.021347e+03 5.106735e+02 2.000000e+00 1.748447e+03 8.742233e+02 2.000000e+00
9.500000e+01 0.000000e+00 1.086157e-01 0.000000e+00 5.412008e+01 2.766085e+01 1.956559e+00 1.021347e+03 5.106735e+02 2.000000e+00 1.748447e+03 8.742233e+02 2.000000e+00
9.600000e+01 0.000000e+00 1.086202e-01 0.000000e+00 5.412008e+01 2.766086e+01 1.956559e+00 1.021347e+03 5.106735e+02 2.000000e+00 1.748447e+03 8.742233e+02 2.000000e+00
9.700000e+01 0.000000e+00 1.086247e-01 0.000000e+00 5.412008e+01 2.766086e+01 1.956558e+00 1.021347e+03 5.106735e+02 2.000000e+00 1.748447e+03 8.742233e+02 2.000000e+00
9.800000e+01 0.000000e+00 1.086292e-01 0.000000e+00 5.412008e+01 2.766086e+01 1.956558e+00 1.021347e+03 5.106735e+02 2.000000e+00 1.748447e+03 8.742233e+02 2.000000e+00
9.900000e+01 0.000000e+00 1.086338e-01 0.000000e+00 5.412008e+01 2.766086e+01 1.956558e+00 1.021347e+03 5.106735e+02 2.000000e+00 1.748447e+03 8.742233e+02 2.000000e+00
9.950000e+01 0.000000e+00 1.086383e-01 0.000000e+00 5.412008e+01 2.766086e+01 1.956558e+00 1.021347e+03 5.106735e+02 2.000000e+00 1.748447e+03 8.742233e+02 2.000000e+00
